0.00000	0.007
0.00105	0.007
0.00210	0.007
0.00315	0.007
0.00420	0.007
0.00525	0.004
0.00630	0.00625
0.00735	0.00625
0.00840	0.004
0.00945	0.00325
0.01050	0.004
0.01155	0.00475
0.01260	-0.008
0.01365	0.00025
0.01470	0.00325
0.01575	0.004
0.01680	0.00625
0.01785	0.00625
0.01890	0.007
0.01995	0.007
0.02100	0.00625
0.02205	0.00775
0.02310	0.007
0.02415	0.00625
0.02520	0.00625
0.02625	0.004
0.02730	0.004
0.02835	0.00475
0.02940	0.00475
0.03045	0.00475
0.03150	0.004
0.03255	0.013
0.03360	0.0115
0.03465	0.0085
0.03570	0.007
0.03675	0.00775
0.03780	0.007
0.03885	0.007
0.03990	0.00625
0.04095	0.00775
0.04200	0.007
0.04305	0.00775
0.04410	0.007
0.04515	0.00775
0.04620	0.00625
0.04725	0.007
0.04830	0.00625
0.04935	0.00625
0.05040	0.007
0.05145	0.00775
0.05250	0.02125
0.05355	0.016
0.05460	0.010
0.05565	0.00625
0.05670	0.00775
0.05775	0.00475
0.05880	0.004
0.05985	0.00475
0.06090	0.00625
0.06195	0.007
0.06300	0.01075
0.06405	0.03025
0.06510	0.07375
0.06615	0.14275
0.06720	0.24175
0.06825	0.367
0.06930	0.51775
0.07035	0.6925
0.07140	0.88825
0.07245	1.09825
0.07350	1.30975
0.07455	1.5145
0.07560	1.68925
0.07665	1.837
0.07770	1.95625
0.07875	2.0455
0.07980	2.10325
0.08085	2.13925
0.08190	2.1505
0.08295	2.1415
0.08400	2.116
0.08505	2.0785
0.08610	2.026
0.08715	1.96675
0.08820	1.900
0.08925	1.8265
0.09030	1.753
0.09135	1.6735
0.09240	1.5955
0.09345	1.50175
0.09450	1.42825
0.09555	1.3585
0.09660	1.28275
0.09765	1.21375
0.09870	1.14025
0.09975	1.07275
0.10080	1.0075
0.10185	0.94225
0.10290	0.880
0.10395	0.82225
0.10500	0.7675
0.10605	0.7165
0.10710	0.6655
0.10815	0.622
0.10920	0.577
0.11025	0.53875
0.11130	0.50125
0.11235	0.46375
0.11340	0.4225
0.11445	0.39325
0.11550	0.36775
0.11655	0.346
0.11760	0.31975
0.11865	0.30
0.11970	0.27325
0.12075	0.25375
0.12180	0.23425
0.12285	0.217
0.12390	0.2005
0.12495	0.184
0.12600	0.172
0.12705	0.1585
0.12810	0.14575
0.12915	0.1345
0.13020	0.12475
0.13125	0.11575
0.13230	0.10525
0.13335	0.0985
0.13440	0.09325
0.13545	0.08275
0.13650	0.07825
0.13755	0.0715
0.13860	0.06625
0.13965	0.06025
0.14070	0.05425
0.14175	0.049
0.14280	0.04525
0.14385	0.04075
0.14490	0.03775
0.14595	0.03475
0.14700	0.03175
0.14805	0.0295
0.14910	0.02575
0.15015	0.0235
0.15120	0.02275
0.15225	0.02125
0.15330	0.01975
0.15435	0.02275
0.15540	0.016
0.15645	0.01375
0.15750	0.01375
0.15855	0.013
0.15960	0.0115
0.16065	0.010
0.16170	0.00925
0.16275	0.00775
0.16380	0.00625
0.16485	0.004
0.16590	0.00325
0.16695	0.004
0.16800	0.004
0.16905	0.0025
0.17010	0.00175
0.17115	0.0025
0.17220	0.0025
0.17325	0.0025
0.17430	-0.00725
0.17535	-0.0065
0.17640	-0.002
0.17745	0.0025
0.17850	0.0025
0.17955	0.001
0.18060	0.00025
0.18165	0.00025
0.18270	-0.00125
0.18375	-0.0005
0.18480	0.00025
0.18585	0.00025
0.18690	0.00025
0.18795	-0.0005
0.18900	-0.00125
0.19005	-0.00125
0.19110	-0.00125
0.19215	-0.00125
0.19320	-0.002
0.19425	0.019
0.19530	0.007
0.19635	0.0025
0.19740	0.00175
0.19845	0.001
0.19950	0.00025
0.20055	-0.0005
0.20160	0.00025
0.20265	-0.0005
0.20370	-0.0005
0.20475	0.001
0.20580	-0.0005
0.20685	-0.00125
0.20790	-0.0005
0.20895	-0.00125
0.21000	-0.00125
0.21105	-0.0005
0.21210	-0.00125
0.21315	-0.0005
0.21420	0.00025
0.21525	-0.008
0.21630	-0.00575
0.21735	-0.00275
0.21840	-0.00125
0.21945	-0.00125
0.22050	0.00025
0.22155	-0.0005
0.22260	0.00025
0.22365	-0.0005
0.22470	0.00025
0.22575	0.00025
0.22680	0.00025
0.22785	0.00025
0.22890	0.001
0.22995	-0.0005
0.23100	-0.00125
0.23205	0.00025
0.23310	-0.0005
0.23415	-0.00125
0.23520	-0.0065
0.23625	-0.01
0.23730	-0.00275
0.23835	-0.0005
0.23940	0.001
0.24045	0.00025
0.24150	0.00025
0.24255	0.00025
0.24360	0.001
0.24465	0.001
0.24570	0.001
0.24675	0.001
0.24780	0.00175
0.24885	0.001
0.24990	0.00025
0.25095	0.00025
0.25200	0.00025
0.25305	0.00025
0.25410	0.00025
0.25515	-0.00275
0.25620	-0.002
0.25725	-0.00125
0.25830	0.00175
0.25935	0.001
0.26040	0.00025
0.26145	0.001
0.26250	0.00025
0.26355	0.001
0.26460	0.001
0.26565	0.001
0.26670	0.00175
0.26775	0.00175
0.26880	-0.0005
0.26985	0.001
0.27090	0.001
0.27195	0.00025
0.27300	0.001
0.27405	0.001
0.27510	0.001
0.27615	0.00925
0.27720	0.00325
0.27825	0.0025
0.27930	0.0025
0.28035	0.001
0.28140	0.00025
0.28245	0.00175
0.28350	0.00175
0.28455	0.001
0.28560	0.001
0.28665	0.001
0.28770	0.0025
0.28875	0.0025
0.28980	0.00175
0.29085	0.00325
0.29190	0.00175
0.29295	0.00175
0.29400	0.00325
0.29505	0.0025
0.29610	0.0115
0.29715	0.004
0.29820	0.00325
0.29925	0.00175
0.30030	0.0025
0.30135	0.00325
0.30240	0.0025
0.30345	0.001
0.30450	0.0025
0.30555	0.0025
0.30660	0.00175
0.30765	0.00175
0.30870	0.0025
0.30975	0.00325
0.31080	0.00175
0.31185	0.0025
0.31290	0.0025
0.31395	0.0025
0.31500	0.00175
0.31605	-0.008
0.31710	-0.00575
0.31815	-0.00125
0.31920	0.001
0.32025	0.00175
0.32130	0.0025
0.32235	0.00175
0.32340	0.00175
0.32445	0.00175
0.32550	0.00175
0.32655	0.0025
0.32760	0.00175
0.32865	0.00175
0.32970	0.00175
0.33075	0.0025
0.33180	0.00325
0.33285	0.00325
0.33390	0.0025
0.33495	0.0025
0.33600	0.004
0.33705	0.004
0.33810	0.00325
0.33915	0.00325
0.34020	0.0025
0.34125	0.00325
0.34230	0.00325
0.34335	0.0025
0.34440	0.0025
0.34545	0.00325
0.34650	0.00175
0.34755	0.00325
0.34860	0.00325
0.34965	0.00325
0.35070	0.00175
0.35175	0.0025
0.35280	0.00325
0.35385	0.00325
0.35490	0.00325
0.35595	0.00325
0.35700	-0.0005
0.35805	-0.00125
0.35910	0.00025
0.36015	0.00475
0.36120	0.0025
0.36225	0.00325
0.36330	0.0025
0.36435	0.00325
0.36540	0.00175
0.36645	0.00325
0.36750	0.00175
0.36855	0.0025
0.36960	0.0025
0.37065	0.00325
0.37170	0.0025
0.37275	0.00325
0.37380	0.00325
0.37485	0.00325
0.37590	0.004
0.37695	0.00925
0.37800	0.00925
0.37905	0.007
0.38010	0.00325
0.38115	0.004
0.38220	0.004
0.38325	0.004
0.38430	0.004
0.38535	0.00325
0.38640	0.00325
0.38745	0.00325
0.38850	0.00325
0.38955	0.00325
0.39060	0.0025
0.39165	0.001
0.39270	0.00175
0.39375	0.004
0.39480	0.00325
0.39585	0.004
0.39690	0.007
0.39795	-0.002
0.39900	0.00175
0.40005	0.004
0.40110	0.00475
0.40215	0.004
0.40320	0.004
0.40425	0.00325
0.40530	0.004
0.40635	0.004
0.40740	0.0025
0.40845	0.004
0.40950	0.004
0.41055	0.0025
0.41160	0.00325
0.41265	0.00325
0.41370	0.004
0.41475	0.0025
0.41580	0.004
0.41685	0.00325
0.41790	-0.0095
0.41895	-0.00275
0.42000	0.00025
0.42105	0.00175
0.42210	0.004
0.42315	0.004
0.42420	0.004
0.42525	0.004
0.42630	0.004
0.42735	0.004
0.42840	0.00325
0.42945	0.0025
0.43050	0.00325
0.43155	0.00325
0.43260	0.00325
0.43365	0.00325
0.43470	0.00325
0.43575	0.00325
0.43680	0.00325
0.43785	0.00475
0.43890	0.00775
0.43995	0.00625
0.44100	0.004
0.44205	0.00325
0.44310	0.004
0.44415	0.004
0.44520	0.004
0.44625	0.004
0.44730	0.00475
0.44835	0.00475
0.44940	0.00475
0.45045	0.004
0.45150	0.004
0.45255	0.00325
0.45360	0.00325
0.45465	0.00325
0.45570	0.00325
0.45675	0.00325
0.45780	-0.00125
0.45885	-0.00275
0.45990	0.001
0.46095	0.00325
0.46200	0.00325
0.46305	0.00325
0.46410	0.004
0.46515	0.00325
0.46620	0.004
0.46725	0.00625
0.46830	0.00475
0.46935	0.00625
0.47040	0.00625
0.47145	0.00475
0.47250	0.004
0.47355	0.004
0.47460	0.004
0.47565	0.004
0.47670	0.004
0.47775	0.00325
0.47880	-0.00575
0.47985	0.001
0.48090	0.0025
0.48195	0.004
0.48300	0.004
0.48405	0.00475
0.48510	0.004
0.48615	0.004
0.48720	0.004
0.48825	0.00475
0.48930	0.004
0.49035	0.00475
0.49140	0.00475
0.49245	0.00625
0.49350	0.004
0.49455	0.004
0.49560	0.00475
0.49665	0.004
0.49770	0.00475
0.49875	0.00325
0.49980	0.00175
0.50085	0.0025